INNE U POD SPODEWM!!!!!!!!!!!!!!!!!!!!!!!!!!!!!!!!!!!!!!!!!!!!!!!!!!! 


 t ->   1 
  U ->   16 
  J ->   0.0 (default)
  L ->   40 
  PBC ->   0 (default)
  dtime ->   0.1 
  maxtime ->   8 
  Silent ->   1 (default)
  cutoff ->   1E-12 
  sweeps ->   1 
  minDim ->   1 (default)
  maxDim ->   2000 
  niter ->   40 
  state ->   Dn-Up 
  ConserveNf ->   1 
  ConserveSz ->   0 (default)
  exp ->   timeEv3 
  ConserveQNs ->   0 (default)
--------------------Initialization----------------------------------------------(0.000214 [s],0.000244 [s])
  Init state deduced
--------------------Starting TDVP-----------------------------------------------(0.073279 [s],0.073039 [s])
  t: 0 0 0 40 0 0.5 

maxLinkDim after global subspace expansion = 14
Global subspace expansion: cputime = 0.537s, walltime = 0.549s
  t: 0.1 2.15132e-14 8.75688e-15 40 0.608806 0.484453 

maxLinkDim after global subspace expansion = 75
Global subspace expansion: cputime = 2.158s, walltime = 2.166s
  t: 0.2 8.95036e-11 8.94747e-11 40 1.0811 0.469784 
  t: 0.3 8.95426e-11 8.95435e-11 40 0.455533 0.481593 
  t: 0.4 8.94877e-11 8.94587e-11 40 0.182373 0.487312 
  t: 0.5 8.94314e-11 8.94384e-11 40 0.698042 0.471206 
  t: 0.6 8.93936e-11 8.94131e-11 40 0.788826 0.460723 
  t: 0.7 8.93922e-11 8.93911e-11 40 0.472497 0.462155 
  t: 0.8 8.94095e-11 8.94156e-11 40 0.495843 0.457737 
  t: 0.9 8.93985e-11 8.94153e-11 40 0.602786 0.448144 
  t: 1 8.94267e-11 8.94293e-11 40 0.551239 0.440862 
  t: 1.1 8.94257e-11 8.9452e-11 40 0.59688 0.432444 
  t: 1.2 8.9432e-11 8.94395e-11 40 0.61926 0.423568 
  t: 1.3 8.94103e-11 8.94391e-11 40 0.513063 0.417242 
  t: 1.4 8.93772e-11 8.93826e-11 40 0.532138 0.408799 
  t: 1.5 8.93824e-11 8.9391e-11 40 0.618299 0.397331 
  t: 1.6 8.94436e-11 8.94233e-11 40 0.581576 0.387574 
  t: 1.7 8.94545e-11 8.94591e-11 40 0.554157 0.37866 
  t: 1.8 8.94497e-11 8.94392e-11 40 0.575991 0.3683 
  t: 1.9 8.94454e-11 8.9437e-11 40 0.55199 0.358008 
  t: 2 8.9433e-11 8.94362e-11 40 0.561453 0.347366 
  t: 2.1 8.94042e-11 8.94198e-11 40 0.603522 0.335503 
  t: 2.2 8.93909e-11 8.93927e-11 40 0.571287 0.324483 
  t: 2.3 8.93683e-11 8.93578e-11 40 0.543011 0.314154 
  t: 2.4 8.93595e-11 8.93409e-11 40 0.574248 0.30252 
  t: 2.5 8.93648e-11 8.93646e-11 40 0.57678 0.29053 
  t: 2.6 8.93747e-11 8.93834e-11 40 0.567715 0.279107 
  t: 2.7 8.93347e-11 8.93406e-11 40 0.582874 0.267312 
  t: 2.8 8.93295e-11 8.93486e-11 40 0.566151 0.255551 
  t: 2.9 8.93157e-11 8.93194e-11 40 0.550437 0.244279 
  t: 3 8.92714e-11 8.92612e-11 40 0.579034 0.232448 
  t: 3.1 8.9235e-11 8.92487e-11 40 0.583373 0.220272 
  t: 3.2 8.92274e-11 8.92289e-11 40 0.562451 0.20873 
  t: 3.3 8.91847e-11 8.91851e-11 40 0.569147 0.19736 
  t: 3.4 8.91565e-11 8.91574e-11 40 0.569689 0.185829 
  t: 3.5 8.91293e-11 8.91228e-11 40 0.560099 0.174453 
  t: 3.6 8.9099e-11 8.90971e-11 40 0.576576 0.162996 
  t: 3.7 8.91584e-11 8.91602e-11 40 0.580471 0.151676 
  t: 3.8 8.91471e-11 8.91615e-11 40 0.559905 0.140951 
  t: 3.9 8.91644e-11 8.91772e-11 40 0.561769 0.13023 
  t: 4 8.91757e-11 8.91786e-11 40 0.570159 0.119335 
  t: 4.1 8.9163e-11 8.915e-11 40 0.568865 0.108983 
  t: 4.2 8.9119e-11 8.9127e-11 40 0.577801 0.0988835 
  t: 4.3 8.91119e-11 8.91111e-11 40 0.569214 0.0886265 
  t: 4.4 8.91349e-11 8.91274e-11 40 0.547624 0.0789671 
  t: 4.5 8.90777e-11 8.908e-11 40 0.56845 0.06983 
  t: 4.6 8.90489e-11 8.90413e-11 40 0.587284 0.0603646 
  t: 4.7 8.90442e-11 8.90488e-11 40 0.559251 0.0511514 
  t: 4.8 8.90285e-11 8.90425e-11 40 0.55506 0.0427844 
  t: 4.9 8.90187e-11 8.90274e-11 40 0.576332 0.0344828 
  t: 5 8.902e-11 8.90372e-11 40 0.56072 0.0262009 
  t: 5.1 8.89757e-11 8.89728e-11 40 0.557575 0.0186225 
  t: 5.2 8.89386e-11 8.89487e-11 40 0.584783 0.0112454 
  t: 5.3 8.89698e-11 8.89752e-11 40 0.564433 0.00377998 
  t: 5.4 8.89483e-11 8.89445e-11 40 0.538679 -0.0028734 
  t: 5.5 8.88999e-11 8.88916e-11 40 0.574553 -0.00893872 
  t: 5.6 8.88731e-11 8.88786e-11 40 0.584166 -0.0153473 
  t: 5.7 8.88775e-11 8.88781e-11 40 0.546531 -0.0214355 
  t: 5.8 8.88288e-11 8.88257e-11 40 0.557398 -0.0265293 
  t: 5.9 8.88011e-11 8.87929e-11 40 0.580196 -0.0315315 
  t: 6 8.87819e-11 8.87766e-11 40 0.551891 -0.0366635 
  t: 6.1 8.87312e-11 8.87297e-11 40 0.551189 -0.0410035 
  t: 6.2 8.86979e-11 8.86974e-11 40 0.585056 -0.0448335 
  t: 6.3 8.86461e-11 8.86379e-11 40 0.563762 -0.0489055 
  t: 6.4 8.86287e-11 8.86251e-11 40 0.535617 -0.0525318 
  t: 6.5 8.85656e-11 8.85506e-11 40 0.569768 -0.0552711 
  t: 6.6 8.85238e-11 8.85109e-11 40 0.579932 -0.0580523 
  t: 6.7 8.84727e-11 8.84679e-11 40 0.544791 -0.0609422 
  t: 6.8 8.83982e-11 8.84021e-11 40 0.553899 -0.0630022 
  t: 6.9 8.8391e-11 8.83784e-11 40 0.582453 -0.0645697 
  t: 7 8.83169e-11 8.8317e-11 40 0.550159 -0.0664408 
  t: 7.1 8.83201e-11 8.83321e-11 40 0.53424 -0.0679225 
  t: 7.2 8.83012e-11 8.82979e-11 40 0.581714 -0.0685663 
  t: 7.3 8.82604e-11 8.82477e-11 40 0.586502 -0.0693392 
  t: 7.4 8.82428e-11 8.82462e-11 40 0.528765 -0.0704071 
  t: 7.5 8.82721e-11 8.82763e-11 40 0.528875 -0.0706193 
  t: 7.6 8.82582e-11 8.82533e-11 40 0.587549 -0.0701566 
  t: 7.7 8.8243e-11 8.82296e-11 40 0.588237 -0.0702576 
  t: 7.8 8.82482e-11 8.82487e-11 40 0.535954 -0.0705257 
  t: 7.9 8.83187e-11 8.83157e-11 40 0.529213 -0.0697034 
  t: 8 8.83124e-11 8.83231e-11 40 0.566551 -0.0684237 
  t: 8.1 8.83339e-11 8.83349e-11 40 0.580659 -0.0678543 


---------------------------- System parameters ---------------------------
  t ->   1 
  U ->   4 
  J ->   0.0 (default)
  L ->   40 
  PBC ->   0 (default)
  dtime ->   0.1 
  maxtime ->   6 
  Silent ->   1 (default)
  cutoff ->   1E-12 
  sweeps ->   1 
  minDim ->   1 (default)
  maxDim ->   2000 
  niter ->   40 
  state ->   Dn-Up 
  ConserveNf ->   1 
  ConserveSz ->   0 (default)
  exp ->   timeEv3 
  ConserveQNs ->   0 (default)
--------------------Initialization----------------------------------------------(0.000196 [s],0.000235 [s])
  Init state deduced
--------------------Starting TDVP-----------------------------------------------(0.072641 [s],0.072409 [s])
  t: 0 0 0 40 0 0.5 

maxLinkDim after global subspace expansion = 14
Global subspace expansion: cputime = 0.539s, walltime = 0.543s
  t: 0.1 1.22635e-14 1.62995e-14 40 0.747218 0.480945 

maxLinkDim after global subspace expansion = 74
Global subspace expansion: cputime = 2.097s, walltime = 2.113s
  t: 0.2 -2.12719e-11 -2.12565e-11 40 2.62674 0.428838 
  t: 0.3 -2.12654e-11 -2.12563e-11 40 4.76167 0.356848 
  t: 0.4 -2.12494e-11 -2.12482e-11 40 6.25359 0.281235 
  t: 0.5 -2.12536e-11 -2.12597e-11 40 6.64941 0.215611 
  t: 0.6 -2.1271e-11 -2.12731e-11 40 6.10915 0.166958 
  t: 0.7 -2.12631e-11 -2.12569e-11 40 5.21098 0.134759 
  t: 0.8 -2.12541e-11 -2.12578e-11 40 4.55565 0.113093 
  t: 0.9 -2.12466e-11 -2.12446e-11 40 4.43073 0.0943279 
  t: 1 -2.12493e-11 -2.1244e-11 40 4.7214 0.0726352 
  t: 1.1 -2.12535e-11 -2.12499e-11 40 5.07796 0.0459835 
  t: 1.2 -2.12347e-11 -2.12412e-11 40 5.19277 0.0161232 
  t: 1.3 -2.1234e-11 -2.12376e-11 40 4.99408 -0.0129819 
  t: 1.4 -2.12433e-11 -2.12433e-11 40 4.64745 -0.0372806 
  t: 1.5 -2.12353e-11 -2.12378e-11 40 4.39731 -0.0542981 
  t: 1.6 -2.12435e-11 -2.12453e-11 40 4.38184 -0.063749 
  t: 1.7 -2.12559e-11 -2.12553e-11 40 4.55142 -0.0671051 
  t: 1.8 -2.1275e-11 -2.12705e-11 40 4.73111 -0.0665732 
  t: 1.9 -2.12895e-11 -2.12845e-11 40 4.76276 -0.0640577 
  t: 2 -2.13031e-11 -2.13053e-11 40 4.61685 -0.0605674 
  t: 2.1 -2.13497e-11 -2.13512e-11 40 4.3996 -0.0561886 
  t: 2.2 -2.1381e-11 -2.13798e-11 40 4.26316 -0.0504964 
  t: 2.3 -2.14019e-11 -2.14017e-11 40 4.29345 -0.0430846 
  t: 2.4 -2.1439e-11 -2.1438e-11 40 4.45537 -0.0339252 
  t: 2.5 -2.14526e-11 -2.14558e-11 40 4.62345 -0.0234512 
  t: 2.6 -2.14592e-11 -2.14593e-11 40 4.66631 -0.0124131 
  t: 2.7 -2.14887e-11 -2.14893e-11 40 4.52421 -0.00163526 
  t: 2.8 -2.14907e-11 -2.14936e-11 40 4.23521 0.00821449 
  t: 2.9 -2.15191e-11 -2.15182e-11 40 3.90968 0.0167776 
  t: 3 -2.15271e-11 -2.15283e-11 40 3.68219 0.0239714 
  t: 3.1 -2.15198e-11 -2.15214e-11 40 3.65558 0.0297991 
  t: 3.2 -2.15143e-11 -2.15147e-11 40 3.8521 0.0342642 
  t: 3.3 -2.1503e-11 -2.15034e-11 40 4.20033 0.0373597 
  t: 3.4 -2.15085e-11 -2.15069e-11 40 4.56871 0.039058 
  t: 3.5 -2.15276e-11 -2.15245e-11 40 4.83145 0.039355 
  t: 3.6 -2.15284e-11 -2.15268e-11 40 4.92243 0.0383399 
  t: 3.7 -2.15267e-11 -2.1529e-11 40 4.84801 0.0362325 
  t: 3.8 -2.15339e-11 -2.15318e-11 40 4.66384 0.0333516 
  t: 3.9 -2.15436e-11 -2.15448e-11 40 4.44002 0.0300222 
  t: 4 -2.15371e-11 -2.15387e-11 40 4.23664 0.0264749 
  t: 4.1 -2.15167e-11 -2.15178e-11 40 4.09492 0.0227946 
  t: 4.2 -2.15377e-11 -2.15395e-11 40 4.03541 0.0189415 
  t: 4.3 -2.15536e-11 -2.15546e-11 40 4.05607 0.0148134 
  t: 4.4 -2.15586e-11 -2.15593e-11 40 4.13305 0.0103126 
  t: 4.5 -2.1577e-11 -2.15812e-11 40 4.229 0.00540475 
  t: 4.6 -2.15723e-11 -2.15699e-11 40 4.30676 0.000163188 
  t: 4.7 -2.15786e-11 -2.15782e-11 40 4.34228 -0.00521963 
  t: 4.8 -2.15791e-11 -2.15769e-11 40 4.33131 -0.010465 
  t: 4.9 -2.15743e-11 -2.15721e-11 40 4.2876 -0.0152787 
  t: 5 -2.15793e-11 -2.15779e-11 40 4.234 -0.01943 
  t: 5.1 -2.15759e-11 -2.15755e-11 40 4.19191 -0.0228041 
  t: 5.2 -2.15834e-11 -2.15857e-11 40 4.17454 -0.02541 
  t: 5.3 -2.15741e-11 -2.15725e-11 40 4.18532 -0.0273574 
  t: 5.4 -2.15661e-11 -2.15641e-11 40 4.21945 -0.0288224 
  t: 5.5 -2.15581e-11 -2.15581e-11 40 4.26712 -0.0300063 
  t: 5.6 -2.15601e-11 -2.15616e-11 40 4.31777 -0.031089 
  t: 5.7 -2.15638e-11 -2.15649e-11 40 4.36423 -0.0321857 
  t: 5.8 -2.15743e-11 -2.1575e-11 40 4.40462 -0.0333259 
  t: 5.9 -2.15571e-11 -2.15606e-11 40 4.44055 -0.0344596 
  t: 6 -2.15597e-11 -2.15614e-11 40 4.47299 -0.0354851 
  t: 6.1 -2.15747e-11 -2.15757e-11 40 4.4994 -0.0362811 

---------------------------- System parameters ---------------------------
  t ->   1 
  U ->   8 
  J ->   0.0 (default)
  L ->   40 
  PBC ->   0 (default)
  dtime ->   0.1 
  maxtime ->   6 
  Silent ->   1 (default)
  cutoff ->   1E-12 
  sweeps ->   1 
  minDim ->   1 (default)
  maxDim ->   2000 
  niter ->   40 
  state ->   Dn-Up 
  ConserveNf ->   1 
  ConserveSz ->   0 (default)
  exp ->   timeEv3 
  ConserveQNs ->   0 (default)
--------------------Initialization----------------------------------------------(0.000196 [s],0.000226 [s])
  Init state deduced
--------------------Starting TDVP-----------------------------------------------(0.073843 [s],0.07362 [s])
  t: 0 0 0 40 0 0.5 

maxLinkDim after global subspace expansion = 14
Global subspace expansion: cputime = 0.548s, walltime = 0.548s
  t: 0.1 2.10194e-14 1.6806e-14 40 0.717706 0.481693 

maxLinkDim after global subspace expansion = 75
Global subspace expansion: cputime = 2.111s, walltime = 2.143s
  t: 0.2 2.96263e-11 2.96109e-11 40 2.2276 0.439372 
  t: 0.3 2.95967e-11 2.9598e-11 40 3.24135 0.399999 
  t: 0.4 2.95861e-11 2.95821e-11 40 3.05871 0.382666 
  t: 0.5 2.9575e-11 2.9562e-11 40 2.11427 0.385271 
  t: 0.6 2.96169e-11 2.96267e-11 40 1.37679 0.390496 
  t: 0.7 2.96435e-11 2.96571e-11 40 1.35484 0.38299 
  t: 0.8 2.96609e-11 2.96727e-11 40 1.75298 0.360968 
  t: 0.9 2.96858e-11 2.96911e-11 40 1.99522 0.333426 
  t: 1 2.9707e-11 2.9709e-11 40 1.89428 0.308921 
  t: 1.1 2.96793e-11 2.96915e-11 40 1.72861 0.288317 
  t: 1.2 2.96932e-11 2.9698e-11 40 1.78519 0.267117 
  t: 1.3 2.96822e-11 2.96922e-11 40 2.00772 0.242341 
  t: 1.4 2.96982e-11 2.96978e-11 40 2.13227 0.21579 
  t: 1.5 2.96953e-11 2.96927e-11 40 2.04608 0.191297 
  t: 1.6 2.97037e-11 2.96996e-11 40 1.89518 0.17036 
  t: 1.7 2.9715e-11 2.97154e-11 40 1.85905 0.151192 
  t: 1.8 2.97047e-11 2.97098e-11 40 1.92886 0.131419 
  t: 1.9 2.9685e-11 2.96881e-11 40 1.96091 0.110757 
  t: 2 2.96735e-11 2.96775e-11 40 1.89041 0.0908225 
  t: 2.1 2.96493e-11 2.96566e-11 40 1.80859 0.0729721 
  t: 2.2 2.96593e-11 2.96581e-11 40 1.82177 0.0569361 
  t: 2.3 2.96334e-11 2.9641e-11 40 1.90436 0.0415394 
  t: 2.4 2.9601e-11 2.96049e-11 40 1.94569 0.0262921 
  t: 2.5 2.95899e-11 2.95762e-11 40 1.90685 0.011903 
  t: 2.6 2.95371e-11 2.95396e-11 40 1.8652 -0.0006828 
  t: 2.7 2.95347e-11 2.95368e-11 40 1.89793 -0.0113734 
  t: 2.8 2.94925e-11 2.94857e-11 40 1.97284 -0.0208599 
  t: 2.9 2.94494e-11 2.94515e-11 40 1.98611 -0.0296461 
  t: 3 2.9462e-11 2.94657e-11 40 1.89987 -0.0373534 
  t: 3.1 2.94373e-11 2.94383e-11 40 1.81237 -0.0432423 
  t: 3.2 2.94023e-11 2.94065e-11 40 1.83178 -0.0472412 
  t: 3.3 2.93512e-11 2.93632e-11 40 1.9352 -0.0500655 
  t: 3.4 2.93354e-11 2.93423e-11 40 1.99433 -0.0524002 
  t: 3.5 2.93208e-11 2.9323e-11 40 1.92812 -0.05419 
  t: 3.6 2.93129e-11 2.93215e-11 40 1.79768 -0.0547935 
  t: 3.7 2.9289e-11 2.92903e-11 40 1.74661 -0.0536714 
  t: 3.8 2.92216e-11 2.92165e-11 40 1.84022 -0.0511335 
  t: 3.9 2.91818e-11 2.9189e-11 40 1.98578 -0.0482508 
  t: 4 2.91549e-11 2.91513e-11 40 2.03876 -0.0458086 
  t: 4.1 2.91082e-11 2.91078e-11 40 1.95575 -0.0435666 
  t: 4.2 2.9047e-11 2.90453e-11 40 1.8252 -0.0404827 
  t: 4.3 2.90317e-11 2.90294e-11 40 1.78258 -0.035656 
  t: 4.4 2.89898e-11 2.89917e-11 40 1.85741 -0.0294468 
  t: 4.5 2.90035e-11 2.89994e-11 40 1.93686 -0.023235 
  t: 4.6 2.90298e-11 2.90312e-11 40 1.91139 -0.0181353 
  t: 4.7 2.9022e-11 2.90213e-11 40 1.80256 -0.0140053 
  t: 4.8 2.89837e-11 2.89886e-11 40 1.72404 -0.00966378 
  t: 4.9 2.89284e-11 2.89287e-11 40 1.75561 -0.00401244 
  t: 5 2.88836e-11 2.88825e-11 40 1.87413 0.00294267 
  t: 5.1 2.8912e-11 2.89121e-11 40 1.97478 0.00999342 
  t: 5.2 2.88904e-11 2.88921e-11 40 1.97301 0.0157522 
  t: 5.3 2.88489e-11 2.88453e-11 40 1.88592 0.019832 
  t: 5.4 2.88919e-11 2.88992e-11 40 1.7985 0.0230388 
  t: 5.5 2.88997e-11 2.89013e-11 40 1.77621 0.0265968 
  t: 5.6 2.88946e-11 2.88919e-11 40 1.82008 0.0312051 
  t: 5.7 2.88426e-11 2.88409e-11 40 1.87384 0.0365411 
  t: 5.8 2.88224e-11 2.88191e-11 40 1.87641 0.0415831 
  t: 5.9 2.88443e-11 2.88481e-11 40 1.8198 0.0454598 
  t: 6 2.88385e-11 2.88409e-11 40 1.75541 0.0480825 
  t: 6.1 2.88062e-11 2.88047e-11 40 1.74225 0.0500566 
--------------------Finish------------------------------------------------------(393.962 [s],393.889 [s])


---------------------------- System parameters ---------------------------
  t ->   1 
  U ->   0 
  J ->   0.0 (default)
  L ->   40 
  PBC ->   0 (default)
  dtime ->   0.1 
  maxtime ->   6 
  Silent ->   1 (default)
  cutoff ->   1E-12 
  sweeps ->   1 
  minDim ->   1 (default)
  maxDim ->   2000 
  niter ->   40 
  state ->   Dn-Up 
  ConserveNf ->   1 
  ConserveSz ->   0 (default)
  exp ->   timeEv3 
  ConserveQNs ->   0 (default)
--------------------Initialization----------------------------------------------(0.000465 [s],0.000501 [s])
  Init state deduced
--------------------Starting TDVP-----------------------------------------------(0.064525 [s],0.064016 [s])
  t: 0 0 0 40 0 0.5 

maxLinkDim after global subspace expansion = 14
Global subspace expansion: cputime = 0.438s, walltime = 0.446s
  t: 0.1 -2.37265e-15 -3.06323e-15 40 0.757268 0.480691 

maxLinkDim after global subspace expansion = 70
Global subspace expansion: cputime = 1.663s, walltime = 1.683s
  t: 0.2 9.48992e-11 9.4901e-11 40 2.7718 0.425013 
  t: 0.3 9.48956e-11 9.48988e-11 40 5.37945 0.339426 
  t: 0.4 9.48994e-11 9.49035e-11 40 7.78251 0.233758 
  t: 0.5 9.49086e-11 9.49026e-11 40 9.36404 0.119945 
  t: 0.6 9.49031e-11 9.49028e-11 40 9.90371 0.0105016 
  t: 0.7 9.49003e-11 9.49025e-11 40 9.6074 -0.0830539 
  t: 0.8 9.49074e-11 9.49089e-11 40 8.95304 -0.151617 
  t: 0.9 9.49118e-11 9.49146e-11 40 8.43984 -0.189569 
  t: 1 9.49177e-11 9.4917e-11 40 8.36492 -0.195356 
  t: 1.1 9.49161e-11 9.49141e-11 40 8.72652 -0.171519 
  t: 1.2 9.49122e-11 9.49133e-11 40 9.28242 -0.124159 
  t: 1.3 9.49122e-11 9.49126e-11 40 9.71417 -0.061939 
  t: 1.4 9.4911e-11 9.49103e-11 40 9.80282 0.00523293 
  t: 1.5 9.49128e-11 9.49133e-11 40 9.5284 0.067632 
  t: 1.6 9.49148e-11 9.49148e-11 40 9.05527 0.117026 
  t: 1.7 9.49126e-11 9.49127e-11 40 8.62767 0.147657 
  t: 1.8 9.49112e-11 9.49113e-11 40 8.4402 0.156749 
  t: 1.9 9.49126e-11 9.49136e-11 40 8.55012 0.144523 
  t: 2 9.49118e-11 9.49112e-11 40 8.86615 0.113796 
  t: 2.1 9.49126e-11 9.49113e-11 40 9.2065 0.0692696 
  t: 2.2 9.4912e-11 9.49122e-11 40 9.3882 0.0166546 
  t: 2.3 9.49107e-11 9.49104e-11 40 9.30203 -0.0382009 
  t: 2.4 9.49107e-11 9.49107e-11 40 8.94474 -0.0900596 
  t: 2.5 9.49099e-11 9.49096e-11 40 8.40515 -0.134813 
  t: 2.6 9.49103e-11 9.49102e-11 40 7.82041 -0.169728 
  t: 2.7 9.49111e-11 9.49111e-11 40 7.32584 -0.193442 
  t: 2.8 9.49117e-11 9.49122e-11 40 7.01663 -0.205792 
  t: 2.9 9.49137e-11 9.49136e-11 40 6.93024 -0.207552 
  t: 3 9.49138e-11 9.49137e-11 40 7.04894 -0.200156 
  t: 3.1 9.49134e-11 9.49138e-11 40 7.31661 -0.18544 
  t: 3.2 9.49137e-11 9.49136e-11 40 7.66192 -0.165399 
  t: 3.3 9.49149e-11 9.49151e-11 40 8.02065 -0.141988 
  t: 3.4 9.49158e-11 9.49162e-11 40 8.35064 -0.117004 
  t: 3.5 9.49157e-11 9.49155e-11 40 8.63474 -0.0920326 
  t: 3.6 9.49152e-11 9.4915e-11 40 8.8734 -0.0684279 
  t: 3.7 9.49148e-11 9.49147e-11 40 9.07285 -0.0472877 
  t: 3.8 9.49148e-11 9.49151e-11 40 9.23514 -0.029426 
  t: 3.9 9.4915e-11 9.49147e-11 40 9.35393 -0.0153391 
  t: 4 9.4915e-11 9.4915e-11 40 9.41708 -0.00517118 
  t: 4.1 9.49146e-11 9.49146e-11 40 9.41457 0.00129514 
  t: 4.2 9.49142e-11 9.49144e-11 40 9.34809 0.00459302 
  t: 4.3 9.49136e-11 9.49136e-11 40 9.23785 0.00546136 
  t: 4.4 9.49135e-11 9.49136e-11 40 9.12153 0.00471075 
  t: 4.5 9.49129e-11 9.49133e-11 40 9.04284 0.00312762 
  t: 4.6 9.49125e-11 9.49124e-11 40 9.03409 0.00143002 
  t: 4.7 9.49127e-11 9.4913e-11 40 9.10237 0.000230423 
  t: 4.8 9.49129e-11 9.49126e-11 40 9.22675 -2.62782e-05 
  t: 4.9 9.49116e-11 9.49121e-11 40 9.36691 0.000871535 
  t: 5 9.49131e-11 9.49134e-11 40 9.47893 0.0028716 
  t: 5.1 9.49136e-11 9.4913e-11 40 9.53161 0.00568142 
  t: 5.2 9.4914e-11 9.49141e-11 40 9.51718 0.00883919 
  t: 5.3 9.49141e-11 9.49139e-11 40 9.45248 0.0118095 
  t: 5.4 9.49139e-11 9.49143e-11 40 9.37073 0.0140808 
  t: 5.5 9.49136e-11 9.49143e-11 40 9.3075 0.0152467 
  t: 5.6 9.49142e-11 9.49142e-11 40 9.2865 0.0150622 
  t: 5.7 9.49138e-11 9.4914e-11 40 9.31084 0.0134708 
  t: 5.8 9.49143e-11 9.49142e-11 40 9.36302 0.0106081 
  t: 5.9 9.49145e-11 9.49146e-11 40 9.41311 0.00678435 
  t: 6 9.49147e-11 9.49147e-11 40 9.43155 0.00245206 
  t: 6.1 9.49145e-11 9.49142e-11 40 9.40133 -0.00184233 
--------------------Finish------------------------------------------------------(268.036 [s],267.972 [s])

